%YAML:1.0
---
names:
  - "01"
  - "02"
  - "03"
  - "04"
  - "05"
R_01: !!opencv-matrix
  rows: 3
  cols: 1
  dt: d
  data: [1.341584, 2.402802, -0.869622]
Rot_01: !!opencv-matrix
  rows: 3
  cols: 3
  dt: d
  data: [-0.542392, 0.837593, -0.065175, 0.685293, 0.396221, -0.611050, -0.485988, -0.376093, -0.788904]
T_01: !!opencv-matrix
  rows: 3
  cols: 1
  dt: d
  data: [0.076371, -0.164489, 3.409700]
R_02: !!opencv-matrix
  rows: 3
  cols: 1
  dt: d
  data: [1.769263, 1.617041, -0.426395]
Rot_02: !!opencv-matrix
  rows: 3
  cols: 3
  dt: d
  data: [0.169412, 0.963471, 0.207420, 0.735921, 0.016319, -0.676870, -0.655530, 0.267314, -0.706274]
T_02: !!opencv-matrix
  rows: 3
  cols: 1
  dt: d
  data: [-0.450745, 0.132748, 2.900766]
R_03: !!opencv-matrix
  rows: 3
  cols: 1
  dt: d
  data: [2.590162, -0.981825, 0.286118]
Rot_03: !!opencv-matrix
  rows: 3
  cols: 3
  dt: d
  data: [0.738767, -0.671107, 0.061948, -0.599324, -0.696217, -0.395086, 0.308274, 0.254749, -0.916553]
T_03: !!opencv-matrix
  rows: 3
  cols: 1
  dt: d
  data: [0.076319, 0.292084, 2.725452]
R_04: !!opencv-matrix
  rows: 3
  cols: 1
  dt: d
  data: [1.299068, -2.480334, 0.584061]
Rot_04: !!opencv-matrix
  rows: 3
  cols: 3
  dt: d
  data: [-0.556211, -0.828946, -0.058966, -0.715536, 0.513783, -0.473323, 0.422655, -0.221076, -0.878913]
T_04: !!opencv-matrix
  rows: 3
  cols: 1
  dt: d
  data: [0.373584, -0.108280, 2.861003]
R_05: !!opencv-matrix
  rows: 3
  cols: 1
  dt: d
  data: [1.777303, 1.936635, -0.613932]
Rot_05: !!opencv-matrix
  rows: 3
  cols: 3
  dt: d
  data: [-0.078436, 0.996677, 0.021977, 0.801986, 0.076178, -0.592465, -0.592170, -0.028845, -0.805296]
T_05: !!opencv-matrix
  rows: 3
  cols: 1
  dt: d
  data: [-0.294006, -0.125290, 2.903103]
