%YAML:1.0
---
names:
  - "01"
  - "02"
  - "03"
  - "04"
  - "05"
K_01: !!opencv-matrix
  rows: 3
  cols: 3
  dt: d
  data: [1411.898306, 0.000000, 564.593105, 0.000000, 1416.283031, 466.586652, 0.000000, 0.000000, 1.000000]
dist_01: !!opencv-matrix
  rows: 1
  cols: 5
  dt: d
  data: [0.174641, -0.135664, 0.043004, -0.020851, 0.000000]
K_02: !!opencv-matrix
  rows: 3
  cols: 3
  dt: d
  data: [1413.722692, 0.000000, 747.871263, 0.000000, 1417.739215, 435.716250, 0.000000, 0.000000, 1.000000]
dist_02: !!opencv-matrix
  rows: 1
  cols: 5
  dt: d
  data: [0.181298, -0.076152, 0.034652, 0.027168, 0.000000]
K_03: !!opencv-matrix
  rows: 3
  cols: 3
  dt: d
  data: [1379.919643, 0.000000, 620.393427, 0.000000, 1386.847541, 465.261544, 0.000000, 0.000000, 1.000000]
dist_03: !!opencv-matrix
  rows: 1
  cols: 5
  dt: d
  data: [0.187381, -0.415212, 0.039134, -0.002277, 0.000000]
K_04: !!opencv-matrix
  rows: 3
  cols: 3
  dt: d
  data: [1388.747239, 0.000000, 616.965313, 0.000000, 1411.065199, 528.218157, 0.000000, 0.000000, 1.000000]
dist_04: !!opencv-matrix
  rows: 1
  cols: 5
  dt: d
  data: [0.158133, -0.180503, 0.060930, -0.009737, 0.000000]
K_05: !!opencv-matrix
  rows: 3
  cols: 3
  dt: d
  data: [1408.477429, 0.000000, 659.407710, 0.000000, 1427.023337, 498.308013, 0.000000, 0.000000, 1.000000]
dist_05: !!opencv-matrix
  rows: 1
  cols: 5
  dt: d
  data: [0.210265, -0.256656, 0.056169, 0.009210, 0.000000]
